# oST version 5.0 parameters


[image]

width
640

height
480

[narrow_stereo/left]

camera matrix
605.135342 0.000000 316.798336
0.000000 599.438778 251.376505
0.000000 0.000000 1.000000

distortion
-0.453604 0.197671 -0.004134 -0.001284 0.000000

rectification
0.997745 -0.005655 -0.066878
0.005345 0.999974 -0.004814
0.066903 0.004446 0.997750

projection
562.962653 0.000000 357.736416 0.000000
0.000000 562.962653 258.811842 0.000000
0.000000 0.000000 1.000000 0.000000

# oST version 5.0 parameters


[image]

width
640

height
480

[narrow_stereo/right]

camera matrix
597.371594 0.000000 314.563140
0.000000 590.743196 266.138818
0.000000 0.000000 1.000000

distortion
-0.430326 0.177627 -0.003822 -0.000066 0.000000

rectification
0.998178 -0.005827 -0.060064
0.006105 0.999971 0.004451
0.060036 -0.004810 0.998185

projection
562.962653 0.000000 357.736416 35.936943
0.000000 562.962653 258.811842 0.000000
0.000000 0.000000 1.000000 0.000000

