image_width: 640
image_height: 480
camera_name: narrow_stereo/right
camera_matrix:
  rows: 3
  cols: 3
  data: [597.371594, 0.000000, 314.563140, 0.000000, 590.743196, 266.138818, 0.000000, 0.000000, 1.000000]
distortion_model: plumb_bob
distortion_coefficients:
  rows: 1
  cols: 5
  data: [-0.430326, 0.177627, -0.003822, -0.000066, 0.000000]
rectification_matrix:
  rows: 3
  cols: 3
  data: [0.998178, -0.005827, -0.060064, 0.006105, 0.999971, 0.004451, 0.060036, -0.004810, 0.998185]
projection_matrix:
  rows: 3
  cols: 4
  data: [562.962653, 0.000000, 357.736416, 35.936943, 0.000000, 562.962653, 258.811842, 0.000000, 0.000000, 0.000000, 1.000000, 0.000000]
